power-up @ (2025, 3, 18, 11, 8, 10, 1, 77)
power-up @ (2025, 3, 18, 11, 14, 34, 1, 77)
power-up @ (2025, 3, 18, 11, 15, 28, 1, 77)
power-up @ (2025, 3, 18, 11, 17, 29, 1, 77)
power-up @ (2025, 3, 18, 11, 55, 49, 1, 77)
power-up @ (2025, 3, 18, 12, 0, 34, 1, 77)
power-up @ (2025, 3, 18, 13, 8, 4, 1, 77)
power-up @ (2025, 3, 18, 13, 8, 29, 1, 77)
power-up @ (2025, 3, 18, 13, 12, 4, 1, 77)
power-up @ (2025, 3, 19, 8, 54, 47, 2, 78)
power-up @ (2025, 3, 19, 8, 57, 24, 2, 78)
power-up @ (2025, 3, 19, 8, 58, 42, 2, 78)
power-up @ (2025, 3, 19, 9, 1, 47, 2, 78)
power-up @ (2025, 3, 19, 9, 4, 51, 2, 78)
power-up @ (2025, 3, 19, 9, 7, 25, 2, 78)
power-up @ (2025, 3, 19, 9, 11, 21, 2, 78)
power-up @ (2025, 3, 19, 9, 13, 54, 2, 78)
power-up @ (2025, 3, 19, 9, 15, 21, 2, 78)
power-up @ (2025, 3, 19, 9, 20, 48, 2, 78)
power-up @ (2025, 3, 19, 9, 22, 48, 2, 78)
power-up @ (2025, 3, 19, 9, 26, 56, 2, 78)
power-up @ (2025, 3, 19, 9, 29, 20, 2, 78)
power-up @ (2025, 3, 19, 9, 30, 22, 2, 78)
power-up @ (2025, 3, 19, 9, 40, 6, 2, 78)
power-up @ (2025, 3, 19, 9, 41, 21, 2, 78)
power-up @ (2025, 3, 19, 9, 43, 4, 2, 78)
power-up @ (2025, 3, 19, 9, 45, 9, 2, 78)
power-up @ (2025, 3, 19, 9, 46, 3, 2, 78)
power-up @ (2025, 3, 19, 9, 47, 25, 2, 78)
power-up @ (2025, 3, 19, 9, 50, 23, 2, 78)
power-up @ (2025, 3, 19, 10, 0, 13, 2, 78)
power-up @ (2025, 3, 19, 10, 6, 25, 2, 78)
power-up @ (2025, 3, 19, 10, 8, 48, 2, 78)
power-up @ (2025, 3, 19, 10, 15, 39, 2, 78)
power-up @ (2025, 3, 19, 10, 17, 52, 2, 78)
power-up @ (2025, 3, 19, 10, 19, 34, 2, 78)
power-up @ (2025, 3, 19, 10, 20, 46, 2, 78)
power-up @ (2025, 3, 19, 10, 22, 5, 2, 78)
power-up @ (2025, 3, 19, 10, 23, 17, 2, 78)
power-up @ (2025, 3, 19, 10, 39, 27, 2, 78)
power-up @ (2025, 3, 19, 10, 40, 24, 2, 78)
power-up @ (2025, 3, 19, 10, 42, 20, 2, 78)
power-up @ (2025, 3, 19, 10, 45, 45, 2, 78)
power-up @ (2025, 3, 19, 10, 59, 3, 2, 78)
